/*********************************************
 * OPL 12.5 Data
 
 * Creation Date: 2015-04-06 at 12:15:58 PM
 *********************************************/

NStops = 40;
CFS_idx = 0;
FFS_idx = 1;
Cost = [60000, 110000];
Charge = [800, 15];
Battery_Capacity = 30;



// Allowed time for charging from CFS at stop i, in hours
Dwell_Time =
[
	5.000, 0.200, 0.005, 0.004, 0.013, 
	0.012, 0.006, 0.004, 0.004, 0.005, 
	0.011, 0.004, 0.003, 0.020, 0.006, 
	0.005, 0.002, 0.004, 0.003, 0.002, 
	0.004, 0.100, 0.004, 0.003, 0.005,
	0.006, 0.006, 0.012, 0.004, 0.004,
	0.004, 0.003, 0.003, 0.012, 0.004,
	0.004, 0.005, 0.013, 0.005, 0.002
];

// Energy consumption in kWh for reaching point i from i-1
Energy_Consumption =
[
	2.97, 3.04, 5.29, 2.81, 6.43, 6.26, 6.25, 9.11, 8.10, 8.62, 
	3.64, 3.83, 9.33, 5.45, 7.38, 3.39, 3.76, 6.19, 7.38, 2.15, 
	10.44, 7.08, 3.75, 2.22, 10.21, 8.48, 3.57, 3.83, 1.48, 5.94, 
	5.70, 10.67, 4.45, 6.92, 8.32, 1.10, 2.52, 6.60, 10.23, 7.89
];

//Energy_Consumption1 = 
//[
//	2.19, 4.15, 5.62, 3.95, 6.52, 6.96, 5.26, 9.46, 7.53, 8.80, 
//	3.62, 4.24, 10.49, 5.36, 8.31, 1.76, 4.84, 5.77, 10.27, 2.38, 
//	10.80, 9.22, 1.70, 1.47, 8.98, 8.46, 4.63, 5.32, 0.91, 4.31, 
//	6.03, 11.64, 4.38, 8.41, 8.18, 1.57, 2.25, 7.07, 9.30, 8.99
//];
//
//Energy_Consumption2 = 
//[
//	2.38, 4.28, 3.39, 2.65, 4.89, 7.72, 4.82, 9.74, 6.76, 8.11, 
//	3.80, 4.53, 10.89, 4.91, 9.08, 1.66, 4.34, 5.48, 11.44, 2.98, 
//	7.70, 9.10, 1.34, 1.92, 9.79, 8.36, 4.00, 4.70, 1.12, 3.43, 
//	7.86, 10.00, 3.49, 8.08, 7.81, 2.32, 1.19, 6.18, 9.77, 8.86
//];

